$coord
          0.311654952067         -0.027358442802         -1.160083483179     p 
         -3.032178556388         -0.289353550642         -0.296472147726     c 
          1.884190958054         -2.407625187069          0.322720413383     n 
          1.417137632860          2.573190070186          0.292143771635     n 
          0.653145478322          0.081566349242         -3.912967094996     o 
          4.614963281302         -2.124442809202         -0.013061274402     c 
          0.940592218948         -5.004969604514          0.297985191767     c 
          1.463273894271          2.709684606440          3.033613346499     c 
          1.666725590778          4.929584380478         -1.127003504648     c 
          6.034439266154         -3.079199783075          2.316918464902     c 
          4.920520660506         -0.083753182251         -0.178515027838     h 
          5.647939199428         -3.323209782862         -2.432297299774     c 
         -0.621131321856         -5.653602948849         -2.040469064563     c 
         -0.529478563006         -5.633137564717          2.710475948267     c 
          2.611324543878         -6.224528522635          0.287409256021     h 
          1.170456852209          0.763274234800          3.669132598971     h 
         -0.625030455579          4.389676100972          4.130979036968     c 
          4.039741313147          3.586105963246          4.023215309554     c 
          3.919003970995          4.818635685517         -2.929744489399     c 
          2.039274414021          6.419223170512          0.261512155303     h 
         -0.752180055318          5.626070777493         -2.540154682195     c 
          5.238058099662         -2.261688110143          4.024997936797     h 
          8.015805466962         -2.548233949622          2.191299239691     h 
          5.929379163799         -5.126068407588          2.468002008628     h 
          7.621119842716         -2.798526906277         -2.669313390564     h 
          4.584078797339         -2.629088921735         -4.044394191844     h 
          5.528526890025         -5.374678507349         -2.386046839768     h 
         -2.408791932594         -4.641702838289         -2.023292409050     h 
         -1.010611239606         -7.673283277516         -2.083796529352     h 
          0.400320753579         -5.134660869970         -3.744052043166     h 
         -2.422110969205         -4.843491385854          2.650691268933     h 
          0.457323861384         -4.898913288337          4.356433488091     h 
         -0.691596668383         -7.673646512513          2.904197208701     h 
         -2.449271620440          3.914011156677          3.315390470293     h 
         -0.246733554650          6.375148829336          3.759153645793     h 
         -0.727219843687          4.130231209671          6.167379293283     h 
          4.407082084366          5.542703247112          3.514418788139     h 
          5.547531965565          2.422568018512          3.259108510067     h 
          4.073575808983          3.441193730056          6.072999962432     h 
          5.646223644228          4.412788628521         -1.891013520876     h 
          4.137619566457          6.622006840959         -3.891442420636     h 
          3.621649554631          3.347748153804         -4.325276684603     h 
         -2.361125192719          5.620676763397         -1.258589565621     h 
         -1.096737379267          4.272819943170         -4.040521481592     h 
         -0.570917457224          7.500731743273         -3.365027486631     h 
         -3.963647030298         -0.495290764573          2.148392890881     c 
         -4.719845643216         -0.042274220740         -2.291395195440     c 
         -7.298540309914         -0.032848916826         -1.868141352673     c 
         -6.545122978451         -0.486810434371          2.574025179389     c 
         -8.216498822153         -0.256476496741          0.572669058190     c 
         -2.686268666193         -0.673249171176          3.726135976062     h 
         -3.967138414073          0.114944161811         -4.182090554307     h 
         -8.591407714874          0.149631949604         -3.437302516930     h 
         -7.254864518366         -0.657031954661          4.481628206586     h 
        -10.228380593868         -0.249802715068          0.917843957618     h 
$end
