   78
        506          1        506
        438        507        944
        301        945       1245
         23       1246       1268
         79       1269       1347
         81       1348       1428
          8       1429       1436
        102       1437       1538
         17       1539       1555
        174       1556       1729
        110       1730       1839
         30       1840       1869
          2       1870       1871
         96       1872       1967
         52       1968       2019
         28       2020       2047
          2       2048       2049
         65       2050       2114
          1       2115       2115
         69       2116       2184
         44       2185       2228
         44       2229       2272
         28       2273       2300
         23       2301       2323
        101       2324       2424
          2       2425       2426
          2       2427       2428
         72       2429       2500
         79       2501       2579
          1       2580       2580
          7       2581       2587
         27       2588       2614
          1       2615       2615
         33       2616       2648
          1       2649       2649
         16       2650       2665
          3       2666       2668
          6       2669       2674
          3       2675       2677
          6       2678       2683
          3       2684       2686
          1       2687       2687
         11       2688       2698
         18       2699       2716
         10       2717       2726
          4       2727       2730
         25       2731       2755
          1       2756       2756
          7       2757       2763
          7       2764       2770
          5       2771       2775
          4       2776       2779
          2       2780       2781
          1       2782       2782
          3       2783       2785
         10       2786       2795
         11       2796       2806
         14       2807       2820
          4       2821       2824
          3       2825       2827
          5       2828       2832
          1       2833       2833
          5       2834       2838
          1       2839       2839
          1       2840       2840
          4       2841       2844
         10       2845       2854
          4       2855       2858
          4       2859       2862
          4       2863       2866
          4       2867       2870
          1       2871       2871
          8       2872       2879
          7       2880       2886
          2       2887       2888
         17       2889       2905
          2       2906       2907
          6       2908       2913
