    0.53011849
   -0.05051681
   -0.29733290
   -0.29892780
   -0.54898412
    0.02961598
    0.02866283
    0.02628590
    0.03694708
   -0.07191713
    0.05068123
   -0.07711881
   -0.07755602
   -0.07350006
    0.03358263
    0.03855721
   -0.07358034
   -0.07114115
   -0.07690964
    0.03109783
   -0.07775688
    0.03715474
    0.02578286
    0.03318736
    0.03534917
    0.03003042
    0.07474249
    0.04855396
    0.02938545
    0.06240733
    0.03828993
    0.03790235
    0.02702742
    0.04056823
    0.03304819
    0.02652053
    0.03621585
    0.02581042
    0.03324497
    0.03896707
    0.03013637
    0.08351464
    0.07444061
    0.03011506
    0.04094054
   -0.03705379
   -0.03593311
   -0.03671770
   -0.03737104
   -0.03943406
    0.03252446
    0.06856669
    0.03547412
    0.03182392
    0.03447705
