           1           2  0.914930797120220     
           1           3   1.09356703850408     
           1           4   1.17487976871396     
           1           5   1.98799784488701     
           3           6  0.963813928980902     
           3           7  0.970817419066425     
           4           8  0.979119251336029     
           4           9  0.964313992822711     
           6          10   1.00148381190184     
           6          11  0.937148979630130     
           6          12   1.00031861900565     
           7          13   1.00240230919194     
           7          14  0.999974072742076     
           7          15  0.958432433717783     
           8          16  0.948301435187047     
           8          17  0.998952487919232     
           8          18  0.999463153140712     
           9          19   1.00309541458522     
           9          20  0.959921882545782     
           9          21   1.00259673115907     
          10          22  0.984492147103065     
          10          23  0.985058747054350     
          10          24  0.982343597249637     
          12          25  0.982693508910408     
          12          26  0.985133800385498     
          12          27  0.978298646871946     
          13          28  0.970705841945501     
          13          29  0.984881933981195     
          13          30  0.978735644012322     
          14          31  0.978552856084116     
          14          32  0.985722049296442     
          14          33  0.985962537568456     
          17          34  0.979612704697246     
          17          35  0.983013767469245     
          17          36  0.985515588111337     
          18          37  0.981765496298835     
          18          38  0.984984503753807     
          18          39  0.982394613796325     
          19          40  0.985422167686680     
          19          41  0.984902879558380     
          19          42  0.976633553362167     
          21          43  0.974147495371910     
          21          44  0.985038801365555     
          21          45  0.983259682957544     
           2          46   1.39338054433579     
           2          47   1.39712595008610     
          46          48  0.109154741147680     
          47          48   1.44391759469338     
          46          49   1.44412439766404     
          47          49  0.108450510445632     
           2          50  0.106459175282692     
          48          50   1.43791412844251     
          49          50   1.43477519902443     
          46          51  0.959041129732341     
          47          52  0.956683508352341     
          48          53  0.969874535541787     
          49          54  0.970446343244191     
          50          55  0.971216686978569     
