$coord
          0.201014321364         -0.119815853954         -1.081751859670     p 
         -2.582412973679          1.360458278196         -0.694244975304     n 
         -0.334146968258         -2.861047471314          0.508487088618     n 
          2.502511318419          1.325903183368          0.553263869464     n 
          0.838091080671         -0.329095439967         -3.769765719903     o 
         -3.187124838471          3.245970848407         -2.582759942292     c 
         -3.889655740120          1.486081672141          1.702226309762     c 
          1.873557313857         -4.307248718889          1.251133311549     c 
         -2.385305839673         -4.326542824610         -0.589772185411     c 
          4.702316627891          2.250911730032         -0.783190009336     c 
          2.385595391231          1.718900448972          3.252572030778     c 
         -5.238356386289          3.329498147369         -2.825874609578     h 
         -2.354235497761          2.585428404085         -4.350422222225     h 
         -2.158092306914          5.875810455272         -1.990032075263     c 
         -3.063773975284          0.028199438502          2.902556696975     h 
         -6.725814010980          0.990641563094          1.455486906788     c 
         -3.613804829784          3.324214544480          2.624781852115     h 
          1.293137465884         -5.678967464702          2.689844105168     h 
          3.196131814886         -2.992565316393          2.129826398625     h 
          3.224957285957         -5.659834454905         -0.916453126879     c 
         -3.611068679898         -2.991439522741         -1.579412650498     h 
         -3.897416279755         -5.738073040402          1.419530083738     c 
         -1.681448211701         -5.669589642609         -1.999771683500     h 
          5.030183221214          4.240966132596         -0.310796978124     h 
          4.261382900127          2.125960118165         -2.793295944161     h 
          7.097677826897          0.730042775270         -0.252851209064     c 
          4.131796051856          1.035986152353          4.139781949247     h 
          0.824827899823          0.582131963494          3.974477125302     h 
          1.991545415425          4.481361278072          4.003715749993     c 
         -2.990904486712          6.632699832755         -0.268174136394     h 
         -2.593704285025          7.159236372515         -3.534109321704     h 
         -0.116498194575          5.781993305230         -1.765724217628     h 
         -7.676847318420          2.541651438877          0.502277505651     h 
         -7.549954447778          0.791244916495          3.327577293476     h 
         -7.064099107169         -0.736294279728          0.397345656539     h 
          3.483442135439         -4.349413242171         -2.478103785866     h 
          2.147817066818         -7.275894309026         -1.586677266706     h 
          5.061220875780         -6.332927802869         -0.283234713449     h 
         -5.527687202961         -6.639309909878          0.552740622301     h 
         -4.553128346445         -4.441115088732          2.870831324460     h 
         -2.757130146711         -7.194624697592          2.313368050812     h 
          6.801792519202         -1.242591646512         -0.740420337979     h 
          7.642236025788          0.851162182782          1.726147215585     h 
          8.641875602704          1.464738369710         -1.390975646043     h 
          0.344261723378          5.255372037529          3.055385659807     h 
          3.625495088924          5.621732500183          3.503191848796     h 
          1.712464165032          4.612164443725          6.035267094811     h 
$end
