   274
        574          1        574
        194        575        768
        252        769       1020
         16       1021       1036
        156       1037       1192
        106       1193       1298
         86       1299       1384
         45       1385       1429
        122       1430       1551
        188       1552       1739
        134       1740       1873
         46       1874       1919
        158       1920       2077
        138       2078       2215
        136       2216       2351
         86       2352       2437
         49       2438       2486
         88       2487       2574
        108       2575       2682
        127       2683       2809
          2       2810       2811
         38       2812       2849
        106       2850       2955
          1       2956       2956
         69       2957       3025
         26       3026       3051
          9       3052       3060
          3       3061       3063
         59       3064       3122
         33       3123       3155
         52       3156       3207
          2       3208       3209
          5       3210       3214
          6       3215       3220
         44       3221       3264
          2       3265       3266
         63       3267       3329
        212       3330       3541
         21       3542       3562
        123       3563       3685
         70       3686       3755
         35       3756       3790
         40       3791       3830
         69       3831       3899
         51       3900       3950
         78       3951       4028
          8       4029       4036
          5       4037       4041
          9       4042       4050
         37       4051       4087
         62       4088       4149
          9       4150       4158
          5       4159       4163
         36       4164       4199
          1       4200       4200
          5       4201       4205
          1       4206       4206
          2       4207       4208
         20       4209       4228
          4       4229       4232
         32       4233       4264
         19       4265       4283
          1       4284       4284
         52       4285       4336
         10       4337       4346
          6       4347       4352
         56       4353       4408
         84       4409       4492
          2       4493       4494
         14       4495       4508
         70       4509       4578
         41       4579       4619
          8       4620       4627
          1       4628       4628
         33       4629       4661
         40       4662       4701
         16       4702       4717
         19       4718       4736
         48       4737       4784
         12       4785       4796
         51       4797       4847
         49       4848       4896
         48       4897       4944
          8       4945       4952
         48       4953       5000
         29       5001       5029
         21       5030       5050
          2       5051       5052
         30       5053       5082
         29       5083       5111
         10       5112       5121
          1       5122       5122
          1       5123       5123
         16       5124       5139
          4       5140       5143
          9       5144       5152
         10       5153       5162
         29       5163       5191
         13       5192       5204
          1       5205       5205
         43       5206       5248
         44       5249       5292
          1       5293       5293
          5       5294       5298
          1       5299       5299
          2       5300       5301
          5       5302       5306
          1       5307       5307
         11       5308       5318
          3       5319       5321
          1       5322       5322
         23       5323       5345
         13       5346       5358
         19       5359       5377
         20       5378       5397
          1       5398       5398
          7       5399       5405
          5       5406       5410
          1       5411       5411
          2       5412       5413
          1       5414       5414
          6       5415       5420
          5       5421       5425
          1       5426       5426
         17       5427       5443
          6       5444       5449
          4       5450       5453
          2       5454       5455
          3       5456       5458
         30       5459       5488
          7       5489       5495
         13       5496       5508
         14       5509       5522
         18       5523       5540
         54       5541       5594
          7       5595       5601
         33       5602       5634
          3       5635       5637
          5       5638       5642
          3       5643       5645
          5       5646       5650
          4       5651       5654
          6       5655       5660
          1       5661       5661
         24       5662       5685
          5       5686       5690
          1       5691       5691
          2       5692       5693
         14       5694       5707
          1       5708       5708
         16       5709       5724
          1       5725       5725
          2       5726       5727
          2       5728       5729
          3       5730       5732
          2       5733       5734
          7       5735       5741
          1       5742       5742
          2       5743       5744
         10       5745       5754
          7       5755       5761
          1       5762       5762
          6       5763       5768
          4       5769       5772
          5       5773       5777
          1       5778       5778
          3       5779       5781
          1       5782       5782
          9       5783       5791
          2       5792       5793
         13       5794       5806
          2       5807       5808
          1       5809       5809
          3       5810       5812
          3       5813       5815
          1       5816       5816
          2       5817       5818
          5       5819       5823
          1       5824       5824
          8       5825       5832
          2       5833       5834
          8       5835       5842
          1       5843       5843
          9       5844       5852
          1       5853       5853
          1       5854       5854
          5       5855       5859
          2       5860       5861
          2       5862       5863
          6       5864       5869
          1       5870       5870
          2       5871       5872
          7       5873       5879
          3       5880       5882
          1       5883       5883
          2       5884       5885
          1       5886       5886
          6       5887       5892
          7       5893       5899
          1       5900       5900
          4       5901       5904
          1       5905       5905
          1       5906       5906
          5       5907       5911
         12       5912       5923
          2       5924       5925
          6       5926       5931
          2       5932       5933
          5       5934       5938
          1       5939       5939
          4       5940       5943
          1       5944       5944
          2       5945       5946
          1       5947       5947
          5       5948       5952
          8       5953       5960
          3       5961       5963
          4       5964       5967
          5       5968       5972
          1       5973       5973
          6       5974       5979
          5       5980       5984
          1       5985       5985
          1       5986       5986
          1       5987       5987
          1       5988       5988
          4       5989       5992
          2       5993       5994
          2       5995       5996
          2       5997       5998
          1       5999       5999
          2       6000       6001
          1       6002       6002
          1       6003       6003
          6       6004       6009
          1       6010       6010
          2       6011       6012
          4       6013       6016
          1       6017       6017
          1       6018       6018
          1       6019       6019
          1       6020       6020
          5       6021       6025
          2       6026       6027
          2       6028       6029
          1       6030       6030
          1       6031       6031
          3       6032       6034
          1       6035       6035
          1       6036       6036
          3       6037       6039
          1       6040       6040
          1       6041       6041
          2       6042       6043
          1       6044       6044
          2       6045       6046
          1       6047       6047
          1       6048       6048
          1       6049       6049
          1       6050       6050
          3       6051       6053
          1       6054       6054
          1       6055       6055
          1       6056       6056
          1       6057       6057
          1       6058       6058
          1       6059       6059
          1       6060       6060
          1       6061       6061
          1       6062       6062
          2       6063       6064
          1       6065       6065
          3       6066       6068
          2       6069       6070
