    0.63799177
   -0.31220810
   -0.30398392
   -0.30743760
   -0.54646454
    0.01045100
    0.00943322
    0.00712683
    0.00803798
    0.00572431
    0.00835735
    0.07050251
    0.03294653
   -0.07283537
    0.03596004
   -0.07171254
    0.03209960
    0.05973812
    0.05131310
   -0.07206550
    0.04927635
   -0.07132178
    0.03926523
    0.07706494
    0.03918455
   -0.07317997
    0.04421791
    0.03078075
   -0.07174753
    0.06179973
    0.03348972
    0.03745399
    0.03673935
    0.03502854
    0.02613849
    0.03916154
    0.02967423
    0.03529483
    0.03765584
    0.03615350
    0.02673638
    0.04612323
    0.03129412
    0.03573086
    0.04224391
    0.02678935
    0.03597713
