           1           2   1.14764396549082     
           1           3   1.07860330152830     
           1           4   1.14520486294916     
           1           5   1.99635626781032     
           2           6  0.980000236457183     
           2           7  0.990475904492360     
           3           8  0.980125997943134     
           3           9  0.987046236786809     
           4          10  0.987153229108414     
           4          11  0.990213227387956     
           6          12  0.963401502978778     
           6          13  0.972026781511447     
           6          14   1.01139103373803     
           7          15  0.960028693913634     
           7          16   1.01031763140285     
           7          17  0.968025272216738     
           8          18  0.950806076983785     
           8          19  0.966644013718986     
           8          20   1.01198904580563     
           9          21  0.955647575372474     
           9          22   1.00975067368040     
           9          23  0.969649772601023     
          10          24  0.959566920985769     
          10          25  0.969087662889375     
          10          26   1.00854892223621     
          11          27  0.958912962052597     
          11          28  0.968093450021874     
          11          29   1.00875475877544     
          14          30  0.983332852103861     
          14          31  0.985092112713716     
          14          32  0.985309971178667     
          16          33  0.983391854008636     
          16          34  0.984881860505154     
          16          35  0.985201652248135     
          20          36  0.985098625681418     
          20          37  0.985151217311848     
          20          38  0.983902508921703     
          22          39  0.984192902931448     
          22          40  0.983501939285617     
          22          41  0.985906232902062     
          26          42  0.981347086938977     
          26          43  0.985708826307587     
          26          44  0.985531477094740     
          29          45  0.985081808984568     
          29          46  0.985477724201642     
          29          47  0.985018698188350     
