$coord
         -0.014511060623          1.012439850495          0.843844570721     p 
          0.124289012154          3.548283736153         -0.900296463797     o 
          2.487964451269         -0.632621382672         -0.212770240543     n 
         -2.465978174119         -0.637231935288         -0.259362134722     n 
         -0.122891081336          1.598347983434          3.554750516679     o 
         -0.554080367890          5.889441189140          0.183490495038     c 
          2.604072207487         -3.117818100876          0.969301042528     c 
          4.860813565572          0.548986611972         -0.959692145313     c 
         -2.517055496489         -1.090236351993         -2.967050412937     c 
         -4.778729575984         -0.923791049336          1.207326615660     c 
         -2.450761120007          6.433880123836         -0.425942454330     h 
          0.796552089937          7.312172216735         -0.457587662969     h 
          3.580115511766         -5.113816341428         -0.880481146525     c 
          0.635198578828         -3.567261590379          1.430067112483     h 
          4.104891107755         -3.151716353420          3.437163256977     c 
          5.681541413174          2.702737094750          0.782784220357     c 
          4.712090302595          1.428182957446         -3.708249951066     c 
          6.304885258108         -0.929602283174         -0.853305786798     h 
         -0.584438314677         -0.705429217801         -3.595836216772     h 
         -4.292727247766          0.697206701399         -4.382736913147     c 
         -3.146101739330         -3.847649525038         -3.569381609104     c 
         -4.319525760801         -2.626538546838          3.491712508395     c 
         -6.154633991264         -1.855130136544         -0.028269322079     h 
         -5.878644462727          1.615371555460          2.038034206723     c 
          5.602178792792         -4.922590067835         -1.192159004905     h 
          2.622355053768         -4.935931525478         -2.688198804499     h 
          3.227925454695         -6.991358486379         -0.123592445941     h 
          3.944018740337         -4.997495771455          4.326751339050     h 
          3.344908779905         -1.734020390256          4.713306478438     h 
          6.095512266910         -2.760232485803          3.106531670503     h 
          5.582395140146          2.107107312586          2.745514075756     h 
          4.464806371498          4.334578940524          0.540703987734     h 
          7.615650455577          3.256589755765          0.351760672596     h 
          3.252114829915          2.852678574094         -3.920202744729     h 
          4.267561708150         -0.160571381506         -4.933949705246     h 
          6.515409005104          2.224731993397         -4.290540498471     h 
         -3.771611825119          2.647426946880         -4.005275475556     h 
         -6.247294762439          0.406348882792         -3.815982481560     h 
         -4.148085080413          0.361839245511         -6.405201328757     h 
         -2.770643776908         -4.227939913745         -5.553361864038     h 
         -5.125981459029         -4.261058879779         -3.204295793058     h 
         -1.996246189982         -5.106430947732         -2.425518619035     h 
         -2.906162814139         -1.776330320203          4.710116275216     h 
         -3.657096317026         -4.476019518488          2.885145628707     h 
         -6.061826559403         -2.869373620287          4.554330668139     h 
         -7.684163352938          1.331022577009          2.980036453569     h 
         -6.170061954287          2.840425512994          0.413318405065     h 
         -4.587027904789          2.531625062271          3.341049784339     h 
         -0.512432716780          5.767050789938          2.243842668145     h 
$end
