   72
        803          1        803
        591        804       1394
        135       1395       1529
        341       1530       1870
        105       1871       1975
        128       1976       2103
        132       2104       2235
        135       2236       2370
         34       2371       2404
         11       2405       2415
         24       2416       2439
         14       2440       2453
         54       2454       2507
         51       2508       2558
         31       2559       2589
         13       2590       2602
        144       2603       2746
          1       2747       2747
          1       2748       2748
        138       2749       2886
         82       2887       2968
         17       2969       2985
          1       2986       2986
          1       2987       2987
         41       2988       3028
         10       3029       3038
         53       3039       3091
         35       3092       3126
         13       3127       3139
         14       3140       3153
         11       3154       3164
         13       3165       3177
          7       3178       3184
         40       3185       3224
          1       3225       3225
          4       3226       3229
         14       3230       3243
          3       3244       3246
          3       3247       3249
         58       3250       3307
         13       3308       3320
          3       3321       3323
          7       3324       3330
          4       3331       3334
          4       3335       3338
          1       3339       3339
          9       3340       3348
          2       3349       3350
          3       3351       3353
          3       3354       3356
          8       3357       3364
         25       3365       3389
          2       3390       3391
          4       3392       3395
         26       3396       3421
          4       3422       3425
         22       3426       3447
          1       3448       3448
          1       3449       3449
          6       3450       3455
         12       3456       3467
          9       3468       3476
          2       3477       3478
          1       3479       3479
          8       3480       3487
          4       3488       3491
         12       3492       3503
          8       3504       3511
          1       3512       3512
          2       3513       3514
          1       3515       3515
          1       3516       3516
