    0.72560899
   -0.44048627
   -0.31970352
   -0.32572493
   -0.57001868
    0.02766445
    0.03147384
    0.03992458
    0.03348318
    0.03956377
    0.07111447
    0.03894904
   -0.07177007
    0.04340682
   -0.07714587
   -0.07710328
   -0.07514925
    0.03251897
    0.05259439
   -0.07354306
   -0.07185873
   -0.07754036
    0.03248915
   -0.07773517
    0.03894592
    0.02658162
    0.03333818
    0.03691968
    0.03057087
    0.07043488
    0.06596066
    0.02899904
    0.05796845
    0.07078806
    0.03928515
    0.02876287
    0.05733151
    0.03523561
    0.02914047
    0.03880343
    0.02665234
    0.03348052
    0.03817015
    0.03104074
    0.07837375
    0.07722252
    0.03023080
    0.04287344
    0.04187687
