           1           2   1.16493192574849     
           1           3   1.09338448451274     
           1           4   1.14094302348640     
           1           5   1.90695523893137     
           2           6  0.956715143448298     
           3           7  0.971903444901149     
           3           8  0.971367394240727     
           4           9  0.975675974762287     
           4          10  0.970329512736382     
           6          11  0.968668938867909     
           6          12  0.981166404054336     
           7          13   1.00128730662218     
           7          14  0.941955739957099     
           7          15   1.00058722172988     
           8          16   1.00122017617235     
           8          17   1.00220634034891     
           8          18  0.959553719226744     
           9          19  0.948489550271032     
           9          20   1.00032540891826     
           9          21   1.00110032552052     
          10          22   1.00372342004101     
          10          23  0.960525510839029     
          10          24   1.00182042080901     
          13          25  0.983992726469081     
          13          26  0.985370978827993     
          13          27  0.981808938876871     
          15          28  0.984023625111458     
          15          29  0.985133828236189     
          15          30  0.980188910979688     
          16          31  0.978143571618912     
          16          32  0.985831760719475     
          16          33  0.980757694075920     
          17          34  0.979970473586524     
          17          35  0.986215989856176     
          17          36  0.985176693421167     
          20          37  0.983453021883170     
          20          38  0.984043362585105     
          20          39  0.985061755834078     
          21          40  0.983402959222499     
          21          41  0.985361488620241     
          21          42  0.982305669195483     
          22          43  0.984982990344451     
          22          44  0.984586806553121     
          22          45  0.977664334185325     
          24          46  0.976112782104149     
          24          47  0.985259024636901     
          24          48  0.983562098663903     
           6          49  0.980223552898821     
