$coord
         -0.040332936264         -0.473414844583         -0.878554113229     p 
          1.310519180473         -2.701025619279          0.745116896746     o 
          1.041575301630          2.238070616829          0.307687827138     n 
         -3.014366734315         -0.622512348887          0.243713444527     n 
          0.326457120058         -0.774870125939         -3.614063119417     o 
          3.174113501400         -4.228484675815         -0.433436309981     c 
          0.968412357704          2.493596303061          3.039652659678     c 
          2.575671142785          3.975423169355         -1.178716981716     c 
         -4.572893761724          1.408266621661         -0.769922607974     c 
         -4.264120366586         -3.000017904397          0.856507652464     c 
          5.716988692220         -3.798792998966          0.729791415640     c 
          3.209925376234         -3.834916404382         -2.464693748367     h 
          2.617070718232         -6.208256479691         -0.137377490106     h 
          3.562632958756          2.150494106455          4.265566487494     c 
         -0.257496693074          0.952329093280          3.674157674311     h 
         -0.219142730547          5.002546009252          3.849763033657     c 
          1.007893617349          5.181381480187         -3.281012712829     c 
          4.926000588914          2.705911316938         -2.275941171395     c 
          3.189586042492          5.473894169035          0.111464408353     h 
         -3.243082393223          2.952510494310         -1.132362503067     h 
         -6.509491823024          2.320054259890          1.174728550694     c 
         -5.842328329074          0.746129568001         -3.279274609230     c 
         -3.738396719466         -5.113290423515         -1.042364557200     c 
         -6.296816718277         -2.615006572467          0.813971670287     h 
         -3.591601692786         -3.817665728304          3.545456967671     c 
          7.770851690037         -3.225695301797         -0.561532312254     c 
          5.767768160710         -3.994699349704          2.765347950326     h 
          7.732891966862         -3.022975700808         -2.586784235211     h 
          9.571926943535         -2.950127537604          0.345195122141     h 
          4.843560075314          3.665646541577          3.727669798207     h 
          4.380524943570          0.360165860302          3.681408208660     h 
          3.373652573053          2.156838063110          6.312018202936     h 
         -0.583538242743          4.976361211364          5.871747675817     h 
         -1.992910577261          5.305352854920          2.862200671473     h 
          1.029830263870          6.584209482660          3.446376715054     h 
          0.293891443105          3.719273493725         -4.529573763241     h 
          2.170541278739          6.480289735428         -4.369654014611     h 
         -0.577045949782          6.227011617997         -2.491828839546     h 
          4.362673263020          1.296466739708         -3.654087210966     h 
          6.009080754339          1.785199161241         -0.791781609625     h 
          6.118479018921          4.103400878942         -3.199707515776     h 
         -8.062014990024          0.988354374676          1.371980164076     h 
         -7.292955584486          4.123858565086          0.578674402033     h 
         -5.617494514787          2.556392740308          3.009369732554     h 
         -7.235347298559         -0.746474459050         -3.040438417554     h 
         -4.415796702980          0.123407610901         -4.618400412935     h 
         -6.788980922952          2.403420519619         -4.042009424403     h 
         -1.800554174985         -5.763894684930         -0.888603550538     h 
         -4.041570092033         -4.440054432800         -2.958436134614     h 
         -4.994417839497         -6.704150618641         -0.688149430873     h 
         -4.616614072759         -5.530574246520          4.036849875975     h 
         -4.101369409373         -2.338997083699          4.878625754818     h 
         -1.578436996518         -4.176153512341          3.699063903464     h 
$end
