   455
        284          1        284
        226        285        510
        239        511        749
        165        750        914
        187        915       1101
        190       1102       1291
         99       1292       1390
         74       1391       1464
         10       1465       1474
          2       1475       1476
        111       1477       1587
         13       1588       1600
          4       1601       1604
          1       1605       1605
          3       1606       1608
         12       1609       1620
        120       1621       1740
          6       1741       1746
        159       1747       1905
          1       1906       1906
        106       1907       2012
          3       2013       2015
         16       2016       2031
         20       2032       2051
          1       2052       2052
         69       2053       2121
         99       2122       2220
          7       2221       2227
          5       2228       2232
          2       2233       2234
         11       2235       2245
          1       2246       2246
          2       2247       2248
          1       2249       2249
          3       2250       2252
         43       2253       2295
          1       2296       2296
         33       2297       2329
          1       2330       2330
         15       2331       2345
         11       2346       2356
          4       2357       2360
         11       2361       2371
         17       2372       2388
         56       2389       2444
         21       2445       2465
          9       2466       2474
         23       2475       2497
         19       2498       2516
         66       2517       2582
         21       2583       2603
          6       2604       2609
          3       2610       2612
          5       2613       2617
         37       2618       2654
         72       2655       2726
          3       2727       2729
         39       2730       2768
         14       2769       2782
         40       2783       2822
         12       2823       2834
         18       2835       2852
         44       2853       2896
         32       2897       2928
         24       2929       2952
          9       2953       2961
         19       2962       2980
          2       2981       2982
          5       2983       2987
         10       2988       2997
         35       2998       3032
         31       3033       3063
         17       3064       3080
         17       3081       3097
          4       3098       3101
          3       3102       3104
         12       3105       3116
          5       3117       3121
          5       3122       3126
          3       3127       3129
          6       3130       3135
          3       3136       3138
          2       3139       3140
          6       3141       3146
          2       3147       3148
          7       3149       3155
          4       3156       3159
          2       3160       3161
         10       3162       3171
         21       3172       3192
         22       3193       3214
         10       3215       3224
          6       3225       3230
          1       3231       3231
          2       3232       3233
          3       3234       3236
          9       3237       3245
          9       3246       3254
         15       3255       3269
          2       3270       3271
          6       3272       3277
          1       3278       3278
          1       3279       3279
          1       3280       3280
          8       3281       3288
          9       3289       3297
          8       3298       3305
          9       3306       3314
         10       3315       3324
          1       3325       3325
         23       3326       3348
          4       3349       3352
          2       3353       3354
          1       3355       3355
          1       3356       3356
          3       3357       3359
          4       3360       3363
          3       3364       3366
          6       3367       3372
          3       3373       3375
          1       3376       3376
          4       3377       3380
          1       3381       3381
         18       3382       3399
          1       3400       3400
          4       3401       3404
         11       3405       3415
          4       3416       3419
          2       3420       3421
         13       3422       3434
          5       3435       3439
          3       3440       3442
          1       3443       3443
          1       3444       3444
          2       3445       3446
         10       3447       3456
          2       3457       3458
          1       3459       3459
          4       3460       3463
          7       3464       3470
          6       3471       3476
          4       3477       3480
         16       3481       3496
         51       3497       3547
          7       3548       3554
          2       3555       3556
          1       3557       3557
          8       3558       3565
          7       3566       3572
          8       3573       3580
          1       3581       3581
          3       3582       3584
          2       3585       3586
         58       3587       3644
          1       3645       3645
          1       3646       3646
          1       3647       3647
         10       3648       3657
          4       3658       3661
          3       3662       3664
          2       3665       3666
          3       3667       3669
         14       3670       3683
         16       3684       3699
          7       3700       3706
         11       3707       3717
         10       3718       3727
          3       3728       3730
          6       3731       3736
          1       3737       3737
          1       3738       3738
          2       3739       3740
          1       3741       3741
          3       3742       3744
          1       3745       3745
          2       3746       3747
          3       3748       3750
          1       3751       3751
          2       3752       3753
          4       3754       3757
         20       3758       3777
         16       3778       3793
          4       3794       3797
         18       3798       3815
          1       3816       3816
          1       3817       3817
          1       3818       3818
          2       3819       3820
          1       3821       3821
          2       3822       3823
          8       3824       3831
         22       3832       3853
          2       3854       3855
          6       3856       3861
         19       3862       3880
         10       3881       3890
          1       3891       3891
          4       3892       3895
          8       3896       3903
          1       3904       3904
          3       3905       3907
          3       3908       3910
         12       3911       3922
          7       3923       3929
         22       3930       3951
          1       3952       3952
          1       3953       3953
          3       3954       3956
          2       3957       3958
          1       3959       3959
         12       3960       3971
          7       3972       3978
          3       3979       3981
          2       3982       3983
          2       3984       3985
          9       3986       3994
          1       3995       3995
          1       3996       3996
          3       3997       3999
         27       4000       4026
          9       4027       4035
          1       4036       4036
         28       4037       4064
         18       4065       4082
          1       4083       4083
          1       4084       4084
          1       4085       4085
          1       4086       4086
          8       4087       4094
          2       4095       4096
          3       4097       4099
          1       4100       4100
         14       4101       4114
          1       4115       4115
          2       4116       4117
          2       4118       4119
          8       4120       4127
          1       4128       4128
         11       4129       4139
          8       4140       4147
          5       4148       4152
          1       4153       4153
          3       4154       4156
          5       4157       4161
          3       4162       4164
         17       4165       4181
          4       4182       4185
          5       4186       4190
          4       4191       4194
          6       4195       4200
          3       4201       4203
          5       4204       4208
          1       4209       4209
          2       4210       4211
          2       4212       4213
          3       4214       4216
          7       4217       4223
          1       4224       4224
          1       4225       4225
          8       4226       4233
          6       4234       4239
          2       4240       4241
          1       4242       4242
          2       4243       4244
          2       4245       4246
          6       4247       4252
          5       4253       4257
          4       4258       4261
          1       4262       4262
          1       4263       4263
          1       4264       4264
          1       4265       4265
          2       4266       4267
          2       4268       4269
          1       4270       4270
          2       4271       4272
         10       4273       4282
          1       4283       4283
          1       4284       4284
          1       4285       4285
          1       4286       4286
          1       4287       4287
          1       4288       4288
         14       4289       4302
          2       4303       4304
          2       4305       4306
          3       4307       4309
          4       4310       4313
          2       4314       4315
         21       4316       4336
          1       4337       4337
          2       4338       4339
          1       4340       4340
          6       4341       4346
          8       4347       4354
          2       4355       4356
          1       4357       4357
         12       4358       4369
          2       4370       4371
          1       4372       4372
          4       4373       4376
          3       4377       4379
          1       4380       4380
          1       4381       4381
          1       4382       4382
         18       4383       4400
          4       4401       4404
          3       4405       4407
          1       4408       4408
         12       4409       4420
          2       4421       4422
          1       4423       4423
          2       4424       4425
          1       4426       4426
          3       4427       4429
          3       4430       4432
          5       4433       4437
          2       4438       4439
          2       4440       4441
          3       4442       4444
          2       4445       4446
          3       4447       4449
          3       4450       4452
          1       4453       4453
          2       4454       4455
          2       4456       4457
          1       4458       4458
          5       4459       4463
          2       4464       4465
          5       4466       4470
          3       4471       4473
          1       4474       4474
          2       4475       4476
          6       4477       4482
          1       4483       4483
          4       4484       4487
          6       4488       4493
          1       4494       4494
          4       4495       4498
          1       4499       4499
          1       4500       4500
          1       4501       4501
          7       4502       4508
          2       4509       4510
          8       4511       4518
          3       4519       4521
          2       4522       4523
          3       4524       4526
          3       4527       4529
          6       4530       4535
          2       4536       4537
          2       4538       4539
          1       4540       4540
          1       4541       4541
          1       4542       4542
          8       4543       4550
          1       4551       4551
          1       4552       4552
          2       4553       4554
          1       4555       4555
          4       4556       4559
          1       4560       4560
          1       4561       4561
          1       4562       4562
          1       4563       4563
          1       4564       4564
          1       4565       4565
          2       4566       4567
          1       4568       4568
          1       4569       4569
          2       4570       4571
          1       4572       4572
          1       4573       4573
          2       4574       4575
         11       4576       4586
          1       4587       4587
          6       4588       4593
          2       4594       4595
          1       4596       4596
          8       4597       4604
          6       4605       4610
          1       4611       4611
          2       4612       4613
          6       4614       4619
         11       4620       4630
          1       4631       4631
          1       4632       4632
          1       4633       4633
          2       4634       4635
          1       4636       4636
          1       4637       4637
          1       4638       4638
          1       4639       4639
          9       4640       4648
          7       4649       4655
          1       4656       4656
          5       4657       4661
          5       4662       4666
          3       4667       4669
          1       4670       4670
          2       4671       4672
          2       4673       4674
          1       4675       4675
          1       4676       4676
          2       4677       4678
          2       4679       4680
          4       4681       4684
          3       4685       4687
          1       4688       4688
          2       4689       4690
          5       4691       4695
          2       4696       4697
          1       4698       4698
          4       4699       4702
          1       4703       4703
          1       4704       4704
          2       4705       4706
          1       4707       4707
          1       4708       4708
          3       4709       4711
          2       4712       4713
          1       4714       4714
          1       4715       4715
          1       4716       4716
          5       4717       4721
          1       4722       4722
          1       4723       4723
          1       4724       4724
          3       4725       4727
          1       4728       4728
          1       4729       4729
          2       4730       4731
          7       4732       4738
          2       4739       4740
          1       4741       4741
          1       4742       4742
          1       4743       4743
          1       4744       4744
          1       4745       4745
          1       4746       4746
          2       4747       4748
          1       4749       4749
          1       4750       4750
          1       4751       4751
          1       4752       4752
          3       4753       4755
          1       4756       4756
          1       4757       4757
          3       4758       4760
          1       4761       4761
          1       4762       4762
          1       4763       4763
          1       4764       4764
          2       4765       4766
          1       4767       4767
