    0.72319362
   -0.44112000
   -0.31651799
   -0.32529775
   -0.56925695
    0.05531698
    0.03048713
    0.03881940
    0.03318693
    0.03922523
   -0.03847464
    0.07040044
    0.03873035
   -0.07111217
    0.04313021
   -0.07633843
   -0.07620710
   -0.07479787
    0.03238579
    0.05295049
   -0.07284029
   -0.07126840
   -0.07685934
    0.03243089
   -0.07687359
   -0.06443947
    0.05015191
    0.03722144
    0.03620161
    0.03874693
    0.02622003
    0.03301763
    0.03607900
    0.03010085
    0.06912386
    0.06876031
    0.02875513
    0.05267968
    0.07254000
    0.04001563
    0.02790111
    0.05745585
    0.03506649
    0.02897361
    0.03853666
    0.02640222
    0.03293497
    0.03748688
    0.03075594
    0.07802235
    0.07658486
    0.02992063
    0.04149096
