           1           2   1.16671833304127     
           1           3   1.09147629915541     
           1           4   1.13875302072600     
           1           5   1.90350116393799     
           2           6  0.935817102143869     
           3           7  0.972367611872555     
           3           8  0.971011586143330     
           4           9  0.975612779211953     
           4          10  0.970888034321863     
           6          11   1.01759428507592     
           6          12  0.940084951859296     
           6          13  0.965511164797349     
           7          14   1.00116684081569     
           7          15  0.942093292579264     
           7          16   1.00043053754579     
           8          17   1.00169698215163     
           8          18   1.00213028289987     
           8          19  0.959507212892186     
           9          20  0.948665432831968     
           9          21   1.00033453698982     
           9          22   1.00101343951729     
          10          23   1.00371279728820     
          10          24  0.960588260500064     
          10          25   1.00158266507616     
          11          26   1.97980276271226     
          11          27  0.960859719753572     
          26          28  0.974792962110979     
          26          29  0.976058744927540     
          14          30  0.984210272285098     
          14          31  0.985404661121145     
          14          32  0.981771118483870     
          16          33  0.984050503819776     
          16          34  0.985169811859424     
          16          35  0.980215788527857     
          17          36  0.972608265078399     
          17          37  0.985309112002899     
          17          38  0.982119170536138     
          18          39  0.979002001482208     
          18          40  0.986159520286312     
          18          41  0.985305258378999     
          21          42  0.983364372868406     
          21          43  0.984054352447014     
          21          44  0.985003108033883     
          22          45  0.983397175836981     
          22          46  0.985409430985275     
          22          47  0.982391748980902     
          23          48  0.984756100524462     
          23          49  0.984504929257061     
          23          50  0.977547773009351     
          25          51  0.976494381256085     
          25          52  0.985181091011304     
          25          53  0.983297957623384     
