$coord
         -0.119397760025         -0.518174764161         -0.802156462468     p 
         -2.373955181483         -0.972221792373          1.440845043304     n 
          1.974276472689         -2.755275551334          0.037096051709     n 
          1.064769092119          2.340979168115         -0.090826697088     n 
         -0.820061767204         -0.725148431359         -3.474105779413     o 
         -4.649008655436          0.477211123925          0.915990667664     c 
         -3.253923603218         -3.548310697818          1.776031688890     c 
          3.934634476924         -3.296061737422         -1.795255522129     c 
          3.264601847026         -2.539423201783          2.444316009724     c 
          1.223299100759          4.277390247079         -2.011994614243     c 
          0.822520034402          3.613071520496          2.318015311164     c 
         -4.169130402164          2.202645101190         -0.103455857117     h 
         -5.530381258257          0.987318284614          2.721735892241     h 
         -6.398627710306         -1.261330574560         -0.626066616884     c 
         -1.692056760905         -4.871883657850          1.575914739420     h 
         -5.315295511564         -3.924623313935         -0.224248276655     c 
         -4.046774589294         -3.704728218291          3.684952559375     h 
          3.237026952368         -2.927713977543         -3.695220700338     h 
          4.455291387805         -5.294865679413         -1.633148889467     h 
          6.147212167809         -1.598976001161         -1.021550655635     c 
          2.153234636537         -1.397663189647          3.744788019236     h 
          5.886602466629         -1.405225070707          1.865437757662     c 
          3.470160966856         -4.441100709241          3.241495577304     h 
          0.741287182484          3.481410768104         -3.847569796367     h 
          3.159217459571          5.021548931260         -2.079864783305     h 
         -0.604282631306          6.340659801595         -1.128952632621     c 
          2.712120649704          3.983184356032          3.091110183571     h 
         -0.217510804225          2.433159394453          3.645968802023     h 
         -0.531942362187          6.139126314876          1.767671358932     c 
         -6.332858591656         -0.749520714099         -2.616925542681     h 
         -8.345327035595         -1.110805578267          0.027285643000     h 
         -4.452553713287         -4.608422351142         -1.963036218147     h 
         -6.741873487723         -5.275179487493          0.387754837765     h 
          5.913795909522          0.254159946518         -1.891449182265     h 
          7.961362735617         -2.376628608342         -1.600532087868     h 
          5.996665933453          0.552615850689          2.486427713088     h 
          7.363339261782         -2.466889644691          2.829935982699     h 
         -2.497026633193          5.943860002034         -1.840487632065     h 
         -0.042234441442          8.201888371961         -1.799267190166     h 
          0.512797674072          7.707308019056          2.596314864701     h 
         -2.430169213242          6.149719998928          2.562729426431     h 
$end
