   51
         48          1         48
          1         49         49
         48         50         97
         15         98        112
         32        113        144
        104        145        248
          1        249        249
         22        250        271
          4        272        275
          1        276        276
          1        277        277
         19        278        296
          1        297        297
          1        298        298
         17        299        315
         30        316        345
          1        346        346
         15        347        361
         20        362        381
         16        382        397
          4        398        401
          5        402        406
         34        407        440
          1        441        441
          1        442        442
          1        443        443
          1        444        444
          2        445        446
          3        447        449
          1        450        450
          7        451        457
         13        458        470
          1        471        471
          3        472        474
          5        475        479
          3        480        482
         10        483        492
          1        493        493
          9        494        502
          1        503        503
          1        504        504
          2        505        506
          1        507        507
          8        508        515
          3        516        518
          1        519        519
          1        520        520
          1        521        521
          1        522        522
          4        523        526
          1        527        527
