    0.64105032
   -0.30319735
   -0.29583324
   -0.30185363
   -0.54710146
    0.00749206
    0.00804690
    0.00607552
    0.00740413
    0.01037085
    0.00888185
    0.04000981
    0.07514973
   -0.04562954
    0.03535103
   -0.04582379
    0.04498367
    0.04410787
    0.07404746
   -0.04647761
    0.03962057
   -0.04590570
    0.04131052
    0.03708380
    0.04711929
   -0.04571674
    0.05235942
    0.03980735
   -0.04674384
    0.03051918
    0.04193939
    0.03016043
    0.03170529
    0.03084647
    0.04680187
    0.02988634
    0.03724214
    0.03099641
    0.05918389
    0.06344763
    0.03128168
