           1           2   1.15475151525665     
           1           3   1.13194648142957     
           1           4   1.07211816080618     
           1           5   1.99237226162068     
           2           6  0.986717668769849     
           2           7  0.988389789643038     
           3           8  0.984828101161962     
           3           9  0.987724068191502     
           4          10  0.982415435865696     
           4          11  0.983356719819535     
           6          12  0.971934131811592     
           6          13  0.964843130087694     
           6          14  0.998370733679969     
           7          15  0.971900467759755     
           7          16  0.991908092387026     
          14          16   1.00384058848294     
           7          17  0.968568675291247     
           8          18  0.972696064487796     
           8          19  0.965070813338956     
           8          20  0.998130102715945     
           9          21  0.973875479283639     
           9          22  0.992950187125331     
          20          22   1.00387707513994     
           9          23  0.968313327286286     
          10          24  0.974344571356598     
          10          25  0.959375954360573     
          10          26  0.993427388288911     
          11          27  0.965207636051619     
          11          28  0.972671136716812     
          11          29  0.997319845129809     
          26          29   1.00442665572927     
          14          30  0.980503520276261     
          14          31  0.979305532197955     
          16          32  0.983419064943740     
          16          33  0.983018106101156     
          20          34  0.981185095355519     
          20          35  0.978540519391290     
          22          36  0.983352278254369     
          22          37  0.981509475532751     
          26          38  0.983234287716341     
          26          39  0.981097264713326     
          29          40  0.978420565739910     
          29          41  0.981428926681124     
