$coord
          0.530295808063         -0.615381384680         -0.668785447054     p 
         -0.735644459477         -3.356760893694          0.315497234329     n 
          2.768802282245         -0.103622994873          1.557819277608     n 
         -1.336949684308          1.883913678566         -0.132231042770     n 
          1.270342368075         -0.747865232720         -3.335920156320     o 
         -2.192942361129         -3.511109390831          2.615545510969     c 
         -1.637812445304         -5.108205264338         -1.572651698979     c 
          4.226832275635         -2.205177222468          2.523142348180     c 
          4.403703270432          2.013080110434          0.961126973975     c 
         -1.901958737418          3.014855562954          2.277230540103     c 
         -2.854214152929          2.905526896035         -2.150763197194     c 
         -1.526782592850         -2.072397433896          3.931230173610     h 
         -1.895890599494         -5.387000640390          3.447288536926     h 
         -5.015391540256         -3.173345411706          2.095218608789     c 
         -0.559682753186         -4.802097659110         -3.300570303229     h 
         -4.452351545492         -4.733600608613         -2.074860644994     c 
         -1.315102223591         -7.035401592276         -0.886032825371     h 
          2.974230656283         -3.809045297789          2.836611923574     h 
          5.056660297534         -1.615108002562          4.327878254255     h 
          6.339100631611         -2.955320976567          0.707837116432     c 
          3.264976832527          3.472495213986          0.048927893651     h 
          6.561627964512          1.256311806747         -0.799020021382     c 
          5.179935837568          2.750536851489          2.735586666555     h 
         -0.614022988252          2.252845322378          3.693065909899     h 
         -3.863234294308          2.604806743018          2.829786116471     h 
         -1.596875969878          5.885541474704          2.114719304832     c 
         -4.868708223403          2.508313324159         -1.823317669206     h 
         -2.258986135383          2.021929405848         -3.915389836479     h 
         -2.496850560623          5.764425328481         -2.285420751451     c 
         -5.360257211733         -1.232527297942          1.401575680520     h 
         -6.080010375162         -3.443281927874          3.844820700156     h 
         -4.734712216281         -2.831512870564         -2.899467200461     h 
         -5.116840041842         -6.144836977689         -3.426860256429     h 
          5.472556800721         -3.607880021148         -1.077698698731     h 
          7.444134039887         -4.501118232480          1.517836073304     h 
          5.754503530443          0.718905313316         -2.642872015135     h 
          7.827935155037          2.866341306692         -1.069362030031     h 
          0.413365899925          6.350767690584          1.784973974883     h 
         -2.174961354915          6.735263221439          3.906371375066     h 
         -3.716848998009          6.548321414832         -3.754567468564     h 
         -0.510375664858          6.180864270509         -2.779083217219     h 
          7.996715284780         -0.808348467393          0.304359202434     n 
         10.149982591278         -1.468849108709         -1.244691485609     c 
         11.206733829417         -2.972572613570         -0.317515990766     h 
         11.371042242632          0.177616830323         -1.432322934096     h 
          9.603945306342         -2.112258262761         -3.146733985508     h 
         -3.194145913791          6.884575707769          0.121495189721     n 
         -3.114408957218          9.614898520961          0.034538168174     c 
         -3.736838281940         10.363814044277          1.847909670382     h 
         -4.400757540866         10.277108078492         -1.428836847033     h 
         -1.210679103633         10.353726350977         -0.370870630760     h 
         -5.850739600186         -5.035393399936          0.265357606258     n 
         -8.551000274275         -4.920416138441         -0.136704945711     c 
         -9.175485080557         -3.086149196963         -0.899169219781     h 
         -9.512295769663         -5.249637077942          1.653443559914     h 
         -9.094873573555         -6.399873293875         -1.459343661706     h 
$end
