   259
         98          1         98
         19         99        117
          8        118        125
          3        126        128
         16        129        144
         18        145        162
         28        163        190
         28        191        218
         13        219        231
         11        232        242
         14        243        256
         12        257        268
          2        269        270
          1        271        271
          2        272        273
          1        274        274
          1        275        275
         17        276        292
         11        293        303
          5        304        308
          4        309        312
         11        313        323
          1        324        324
         13        325        337
          6        338        343
          3        344        346
          3        347        349
          3        350        352
          1        353        353
          1        354        354
          4        355        358
          7        359        365
         12        366        377
         17        378        394
         19        395        413
          2        414        415
          1        416        416
          3        417        419
          5        420        424
          9        425        433
         13        434        446
         11        447        457
          6        458        463
          5        464        468
         13        469        481
          6        482        487
          5        488        492
          1        493        493
         13        494        506
          3        507        509
          7        510        516
          6        517        522
          1        523        523
          4        524        527
          4        528        531
          9        532        540
          1        541        541
         19        542        560
          4        561        564
          4        565        568
         10        569        578
          5        579        583
          3        584        586
          5        587        591
          4        592        595
          4        596        599
         10        600        609
          2        610        611
          2        612        613
          5        614        618
          1        619        619
          1        620        620
          3        621        623
          6        624        629
          4        630        633
          3        634        636
          7        637        643
          3        644        646
          2        647        648
          2        649        650
          1        651        651
          1        652        652
          4        653        656
          4        657        660
          5        661        665
          9        666        674
          3        675        677
          1        678        678
          4        679        682
          3        683        685
          1        686        686
          2        687        688
          2        689        690
          4        691        694
          4        695        698
          5        699        703
          5        704        708
          4        709        712
          1        713        713
          1        714        714
          1        715        715
          5        716        720
          5        721        725
          3        726        728
          7        729        735
         11        736        746
          9        747        755
          1        756        756
          1        757        757
          4        758        761
          1        762        762
          1        763        763
          1        764        764
          1        765        765
          3        766        768
          4        769        772
          2        773        774
          4        775        778
          3        779        781
          3        782        784
          3        785        787
          1        788        788
          2        789        790
          1        791        791
          1        792        792
          6        793        798
          3        799        801
          1        802        802
          1        803        803
          1        804        804
          2        805        806
          2        807        808
          1        809        809
          3        810        812
          5        813        817
          2        818        819
          4        820        823
          1        824        824
          2        825        826
          4        827        830
          2        831        832
          2        833        834
          4        835        838
          5        839        843
          2        844        845
          1        846        846
          3        847        849
          1        850        850
          3        851        853
          1        854        854
          4        855        858
          2        859        860
          1        861        861
          3        862        864
          4        865        868
          3        869        871
          2        872        873
          1        874        874
          2        875        876
          1        877        877
          4        878        881
          2        882        883
          3        884        886
          1        887        887
          1        888        888
          4        889        892
          7        893        899
          2        900        901
          4        902        905
          1        906        906
          1        907        907
          2        908        909
          3        910        912
          1        913        913
          2        914        915
          1        916        916
          1        917        917
          1        918        918
          3        919        921
          3        922        924
          1        925        925
          2        926        927
          1        928        928
          1        929        929
          2        930        931
          4        932        935
          1        936        936
          4        937        940
          5        941        945
          1        946        946
          3        947        949
          2        950        951
          1        952        952
          1        953        953
          2        954        955
          1        956        956
          5        957        961
          1        962        962
          3        963        965
          1        966        966
          2        967        968
          2        969        970
          5        971        975
          1        976        976
          2        977        978
          1        979        979
          2        980        981
          1        982        982
          3        983        985
          1        986        986
          4        987        990
          1        991        991
          1        992        992
          1        993        993
          1        994        994
          1        995        995
          1        996        996
          1        997        997
          3        998       1000
          2       1001       1002
          1       1003       1003
          1       1004       1004
          1       1005       1005
          1       1006       1006
          5       1007       1011
          1       1012       1012
          1       1013       1013
          2       1014       1015
          6       1016       1021
          4       1022       1025
          1       1026       1026
          2       1027       1028
          1       1029       1029
          2       1030       1031
          1       1032       1032
          1       1033       1033
          1       1034       1034
          1       1035       1035
          1       1036       1036
          2       1037       1038
          3       1039       1041
          3       1042       1044
          1       1045       1045
          2       1046       1047
          3       1048       1050
          5       1051       1055
          5       1056       1060
          1       1061       1061
          2       1062       1063
          4       1064       1067
          2       1068       1069
          2       1070       1071
          2       1072       1073
          2       1074       1075
          2       1076       1077
          3       1078       1080
          2       1081       1082
          3       1083       1085
          1       1086       1086
