    0.64106080
   -0.29825381
   -0.29323177
   -0.30075773
   -0.54192645
    0.00824235
    0.00972524
    0.00896882
    0.00911037
    0.00891474
    0.00968990
    0.07648177
    0.04354839
   -0.00293257
    0.04133252
   -0.00222553
    0.03793317
    0.04664195
    0.05982194
   -0.00142783
    0.04936652
   -0.00165751
    0.06389513
    0.07600373
    0.05341260
   -0.00268167
    0.03736523
    0.04154093
   -0.00285447
    0.05504538
    0.03806365
    0.04568716
    0.03353974
    0.04114250
    0.03542393
    0.04087556
    0.03597475
    0.04608563
    0.03926832
    0.04724170
    0.03235419
   -0.20371941
   -0.03112837
    0.04015325
    0.04033593
    0.03360750
   -0.20734792
   -0.03001269
    0.04006703
    0.03906838
    0.03413067
   -0.20664406
   -0.02910227
    0.03905773
    0.04007943
    0.03564555
