           1           2   1.16520086750266     
           1           3   1.06500384254610     
           1           4   1.16067414749184     
           1           5   1.99967741011729     
           2           6  0.984734005825089     
           2           7  0.990311559701184     
           3           8  0.984917463021626     
           3           9  0.982630246498586     
           4          10  0.980054411345997     
           4          11  0.984136009414638     
           6          12  0.961430007792856     
           6          13  0.968033740926030     
           6          14  0.988038584826624     
           7          15  0.964805793937778     
           7          16  0.983733046631553     
           7          17  0.966723261923486     
           8          18  0.962996522538167     
           8          19  0.964576920911766     
           8          20  0.998196472029452     
           9          21  0.958261465100332     
           9          22  0.998787687406351     
           9          23  0.963875362979849     
          10          24  0.963015953796820     
          10          25  0.968340044027952     
          10          26   1.00470061737626     
          11          27  0.966136771138508     
          11          28  0.967558513920359     
          11          29  0.993924268559160     
          14          30  0.970466410755597     
          14          31  0.971659063479315     
          16          32  0.967713714289591     
          16          33  0.971896644337378     
          20          34  0.962189852327959     
          20          35  0.971863219863362     
          22          36  0.962111883251488     
          22          37  0.971779980240420     
          26          38  0.964923644353386     
          26          39  0.970595254263172     
          29          40  0.969646857974343     
          29          41  0.972560020721918     
          20          42   1.00545032316980     
          22          42   1.00473153087421     
          42          43   1.01611494197669     
          43          44  0.982134801376624     
          43          45  0.982142945962160     
          43          46  0.973142372868449     
          26          47  0.998461282550282     
          29          47   1.00394271330933     
          47          48   1.01897303302120     
          48          49  0.982271569021865     
          48          50  0.982108514052967     
          48          51  0.972643833972530     
          14          52   1.00506025563047     
          16          52   1.00923092302017     
          52          53   1.01625798618254     
          53          54  0.981977864644167     
          53          55  0.981936129690604     
          53          56  0.972663723867512     
