$coord
         -0.038106785806         -0.850942029331         -0.754645007233     p 
         -2.355833838363         -0.795188291538          1.107769753938     o 
          2.175790109159         -1.303094339504          1.175333091600     o 
          0.274487321129          1.968472755802         -1.639116049318     o 
         -0.187164196549         -2.631577975214         -2.845023375154     o 
         -5.205655855091         -1.854117018936          0.338584353379     si
          5.105368366358         -2.024409544356          0.334775847700     si
          0.145632079315          4.594590346154          0.065939957435     si
         -7.181151092169         -0.821300457809          3.159244249460     c 
         -5.041771673824         -5.430877960251          0.028466687703     c 
         -6.239615623128         -0.316213881526         -2.742173362476     c 
          6.285752510983          0.407919183829         -2.039240770475     c 
          5.121924399586         -5.331631052513         -1.068267943146     c 
          6.849276875390         -1.833726811882          3.472963927059     c 
          2.066676796165          6.888023567566         -1.929796440233     c 
          1.529752986551          4.113709534495          3.346605585055     c 
         -3.295210691215          5.635572860784          0.283750024141     c 
         -7.339274022092          1.217825789415          3.309259040912     h 
         -6.397542519684         -1.513548017162          4.922772876333     h 
         -9.076283183824         -1.575213771469          2.978691284656     h 
         -3.654845886424         -5.914025412392         -1.406009170349     h 
         -6.840896002598         -6.256371564228         -0.509526063346     h 
         -4.447870046797         -6.310880100744          1.787598090666     h 
         -4.700013432361         -0.480826534950         -4.090904927396     h 
         -6.662805946159          1.680724272430         -2.515404236002     h 
         -7.897471784407         -1.214402134173         -3.550896177776     h 
          6.509905706644          2.261808420490         -1.182135193413     h 
          4.907483932133          0.589650216451         -3.550616132107     h 
          8.086593347001         -0.114126943588         -2.872441068235     h 
          3.695275450612         -5.439370271315         -2.540866265682     h 
          4.659145509767         -6.749086668993          0.344819700491     h 
          6.935965316990         -5.832284933408         -1.884339191370     h 
          6.022260935211         -3.084686110662          4.871371412483     h 
          6.841271572781          0.061049852936          4.257626132688     h 
          8.802721117873         -2.391400727235          3.213849421270     h 
          4.046534630570          6.362181931627         -2.035032950395     h 
          1.963199451163          8.772670969459         -1.132741722500     h 
          1.353693500170          6.981339403360         -3.850955439771     h 
          3.551104443339          3.759323378900          3.265535740330     h 
          0.662640430354          2.475634784269          4.228676147006     h 
          1.224996495881          5.736745446129          4.565671121620     h 
         -3.462711515797          7.451387527688          1.223280818038     h 
         -4.411031010478          4.270444366222          1.334305028716     h 
         -4.132346967253          5.824230937663         -1.582031950126     h 
$end
