   75
        674          1        674
         90        675        764
         50        765        814
         66        815        880
          3        881        883
          8        884        891
        961        892       1852
         37       1853       1889
         15       1890       1904
         10       1905       1914
          2       1915       1916
          3       1917       1919
          4       1920       1923
          3       1924       1926
          1       1927       1927
        366       1928       2293
         12       2294       2305
          1       2306       2306
          2       2307       2308
        165       2309       2473
          1       2474       2474
         12       2475       2486
         72       2487       2558
         14       2559       2572
          3       2573       2575
          9       2576       2584
          4       2585       2588
        344       2589       2932
          1       2933       2933
          4       2934       2937
          1       2938       2938
          4       2939       2942
          1       2943       2943
          1       2944       2944
          2       2945       2946
          1       2947       2947
          1       2948       2948
          7       2949       2955
          1       2956       2956
          7       2957       2963
          1       2964       2964
          2       2965       2966
          2       2967       2968
          5       2969       2973
         18       2974       2991
          1       2992       2992
         67       2993       3059
        115       3060       3174
        261       3175       3435
         26       3436       3461
         17       3462       3478
          1       3479       3479
          3       3480       3482
          1       3483       3483
         69       3484       3552
          1       3553       3553
          1       3554       3554
          1       3555       3555
         80       3556       3635
          1       3636       3636
         74       3637       3710
          4       3711       3714
          5       3715       3719
         21       3720       3740
          4       3741       3744
          1       3745       3745
          2       3746       3747
          1       3748       3748
          1       3749       3749
          1       3750       3750
          1       3751       3751
          2       3752       3753
          1       3754       3754
          1       3755       3755
          1       3756       3756
