    0.95008087
   -0.47923431
   -0.48027266
   -0.48590474
   -0.59961040
    0.28505447
    0.28805786
    0.28240813
   -0.09528727
   -0.09567639
   -0.08999684
   -0.09043038
   -0.09270674
   -0.09697038
   -0.08959772
   -0.09389622
   -0.09613055
    0.06232515
    0.02491673
    0.05011939
    0.07020662
    0.03401567
    0.02530182
    0.04303583
    0.02126869
    0.04095646
    0.04258977
    0.02145892
    0.04059848
    0.04191924
    0.05755993
    0.02192233
    0.06827788
    0.02492280
    0.03881946
    0.04157129
    0.02075164
    0.03596673
    0.04916405
    0.05015247
    0.02302018
    0.03256164
    0.02500015
    0.07170996
