           1           2   1.19251222427937     
           1           3   1.18910653163973     
           1           4   1.18187847306455     
           1           5   1.80984664975132     
           2           6  0.855258557890207     
           3           7  0.856366098156848     
           4           8  0.862342458198402     
           6           9  0.909117227078052     
           6          10  0.913432004062390     
           6          11  0.883850267264884     
           7          12  0.889917602696641     
           7          13  0.904620319770931     
           7          14  0.905694832610999     
           8          15  0.882760319172736     
           8          16  0.907239856763167     
           8          17  0.915090005959564     
           9          18  0.979488834516230     
           9          19  0.989262255359625     
           9          20  0.976805304080744     
          10          21  0.977413732209591     
          10          22  0.976381600113184     
          10          23  0.987899166832576     
          11          24  0.983566211078814     
          11          25   1.00110431862428     
          11          26  0.983263317881596     
          12          27  0.982019475578263     
          12          28  0.999691087737963     
          12          29  0.981688642987170     
          13          30  0.978339408774306     
          13          31  0.979330335479052     
          13          32  0.991244293157272     
          14          33  0.978083391080083     
          14          34  0.988246082600926     
          14          35  0.979806854857386     
          15          36  0.983574094847471     
          15          37   1.00113865756044     
          15          38  0.983681642878666     
          16          39  0.977436381594872     
          16          40  0.979340956607892     
          16          41  0.989654418260831     
          17          42  0.976131442014262     
          17          43  0.987366959047388     
          17          44  0.976332315220783     
