$coord
         -0.001753623540          0.020891112366         -0.823597641554     p 
          2.734871140343         -1.056668757270          0.389586164757     n 
         -0.221526648556          2.905208771065          0.583226403568     n 
         -2.541482583738         -1.458064299664          0.393424256741     n 
          0.002707308700         -0.053641652893         -3.588397004059     o 
          4.116395330933         -2.927880755118         -1.033741600688     c 
          3.253069933315         -1.042676090995          3.064265730164     c 
          1.927813583108          4.522386893193          0.054562715526     c 
         -2.588124328698          4.178812859608          0.042343730530     c 
         -3.628264998197         -3.515433978588         -1.028743157444     c 
         -3.057330519456         -1.518736285078          3.067780429189     c 
          3.508759043614         -2.822577332594         -2.994323847930     h 
          3.793459943271         -4.848625012156         -0.324175316604     h 
          6.142573157055         -2.529555519827         -0.932989507901     h 
          5.263774600594         -0.663887372258          3.369103244913     h 
          2.801516430241         -2.856761043360          3.959628878611     h 
          2.155817276804          0.446639898888          3.955593446514     h 
          1.921991974674          6.100972939011          1.385859412213     h 
          1.875545194062          5.280241748105         -1.873614155113     h 
          3.663900207276          3.446656330811          0.282200407289     h 
         -2.826316276516          5.742652013051          1.369652988301     h 
         -4.142889258885          2.853674526377          0.265846969879     h 
         -2.642499650306          4.932003609150         -1.887583354205     h 
         -5.691246770128         -3.422502439164         -0.930462307470     h 
         -3.024331322552         -5.365765027016         -0.315973796758     h 
         -3.040760217474         -3.323481570807         -2.988877711412     h 
         -2.332433663155         -3.239712876740          3.967210680406     h 
         -5.102493160042         -1.453384644873          3.370924743251     h 
         -2.203169321184          0.123599153713          3.956466831549     h 
$end
