           1           2   1.14318159783409     
           1           3   1.14054494209472     
           1           4   1.06366975899723     
           1           5   2.00352955820203     
           2           6  0.998377361728906     
           2           7   1.00254259474209     
           3           8   1.00261494513705     
           3           9  0.998252824753268     
           4          10  0.994671115484608     
           4          11  0.994093423662701     
           6          12  0.970157761408509     
           6          13  0.979235275986187     
           6          14  0.979219173482892     
           7          15  0.972964837787706     
           7          16  0.977497393264951     
           7          17  0.978530521350204     
           8          18  0.972986729506427     
           8          19  0.978497346948966     
           8          20  0.977491398892081     
           9          21  0.970110874867238     
           9          22  0.979035901018406     
           9          23  0.979285227404016     
          10          24  0.971189852682194     
          10          25  0.974941283329921     
          10          26  0.980269206817071     
          11          27  0.970867583361117     
          11          28  0.980321726730488     
          11          29  0.974758925309946     
