$coord
         -0.113680054392         -0.103448065588         -0.689697528764     p 
          1.704994936668          1.716539971880          0.903810142371     o 
         -2.588170257921         -0.010008742061          1.039327368111     o 
          1.013331659792         -3.000472106077         -0.155033803229     n 
         -0.416068591080          0.532972476557         -3.373459707433     o 
          4.009296337110          2.751936057683         -0.075892044001     c 
         -4.607369245421          1.780748541991          0.757746346659     c 
          3.389169185199          4.987367688287         -1.793746337853     c 
          5.493286379691          0.760155948122         -1.535207743243     c 
          5.493057683922          3.626742105849          2.246993946036     c 
         -6.152177691271          1.563968127996          3.191414651680     c 
         -6.198831818661          1.052060985198         -1.537513068494     c 
         -3.560595123267          4.445743611129          0.448288877908     c 
          2.248821542332          4.331689931839         -3.369161169926     h 
          5.117773580256          5.830780755205         -2.513995873519     h 
          2.332529887055          6.408923877417         -0.751634939302     h 
          4.373030567111          0.106539506063         -3.126600267555     h 
          5.909126404449         -0.843811672860         -0.321816740954     h 
          7.255353813956          1.559550858818         -2.226418482911     h 
          7.260521962338          4.497855451309          1.671321123474     h 
          5.898677683542          2.024124264145          3.466411714668     h 
          4.387290808755          4.991821389868          3.311203647904     h 
         -7.785240134090          2.805237286840          3.105355949347     h 
         -4.993861908012          2.082936951977          4.806112180066     h 
         -6.791476893017         -0.371757553414          3.443248165652     h 
         -7.723566512287          2.401999491626         -1.804381607025     h 
         -7.003944595994         -0.821256993734         -1.275040566747     h 
         -5.006280365298          1.032869498965         -3.208327360288     h 
         -2.328582677003          4.900232614304          2.029097039620     h 
         -5.096925540035          5.808206225264          0.370931386016     h 
         -2.474001420242          4.548615778199         -1.291063321958     h 
          0.397950419676         -4.887103864214         -2.038492436542     c 
          1.171554307530         -3.791944460161          2.464680321675     c 
          0.608904107860         -3.953021890245         -3.865451551149     h 
         -2.279814465572         -5.936543596752         -1.831508070283     c 
          1.782556204135         -6.417668078934         -1.920871729447     h 
         -0.526165985288         -4.825632863929          3.049180664150     h 
          1.269687913838         -2.064068763839          3.586224165982     h 
          3.506169411361         -5.407277339922          2.971018936452     c 
         -2.544385239645         -6.970339735687         -0.074743514489     h 
         -2.657868160283         -7.208983112577         -3.399780031175     h 
         -3.619771018505         -4.380226349107         -1.895980922536     h 
          3.380751896822         -7.216592487931          2.006768607744     h 
          3.676745224086         -5.761135562590          4.987772500655     h 
          5.200478438359         -4.441999893004          2.324438318457     h 
$end
