   76
        936          1        936
        518        937       1454
        516       1455       1970
         81       1971       2051
        247       2052       2298
        282       2299       2580
        173       2581       2753
          1       2754       2754
          3       2755       2757
          1       2758       2758
          1       2759       2759
        256       2760       3015
         87       3016       3102
          1       3103       3103
          1       3104       3104
         21       3105       3125
         42       3126       3167
         65       3168       3232
          2       3233       3234
          3       3235       3237
         70       3238       3307
          3       3308       3310
          6       3311       3316
        307       3317       3623
          3       3624       3626
         88       3627       3714
         51       3715       3765
          1       3766       3766
          1       3767       3767
          5       3768       3772
         18       3773       3790
         10       3791       3800
          6       3801       3806
          1       3807       3807
          1       3808       3808
          1       3809       3809
          2       3810       3811
         14       3812       3825
          1       3826       3826
          1       3827       3827
          4       3828       3831
         15       3832       3846
          2       3847       3848
          5       3849       3853
         14       3854       3867
         24       3868       3891
          1       3892       3892
          1       3893       3893
         13       3894       3906
         12       3907       3918
          2       3919       3920
          1       3921       3921
          6       3922       3927
          5       3928       3932
          1       3933       3933
          1       3934       3934
          1       3935       3935
          9       3936       3944
         10       3945       3954
          3       3955       3957
          1       3958       3958
          6       3959       3964
          3       3965       3967
          1       3968       3968
          1       3969       3969
          6       3970       3975
          2       3976       3977
          1       3978       3978
         17       3979       3995
          1       3996       3996
          1       3997       3997
          2       3998       3999
          4       4000       4003
          6       4004       4009
          2       4010       4011
          1       4012       4012
