    0.82561413
   -0.44333681
   -0.44490139
   -0.31270273
   -0.58596526
    0.10494091
    0.10405636
   -0.07206899
   -0.07815415
   -0.08055664
   -0.07188805
   -0.08041212
   -0.07874637
    0.05162956
    0.05663866
    0.02813696
    0.03016232
    0.05400038
    0.06689116
    0.04432709
    0.03110176
    0.08055921
    0.05123437
    0.02799430
    0.05535213
    0.07739861
    0.03143246
    0.04138073
    0.07413430
    0.05020716
    0.03049921
    0.00936741
    0.00875364
    0.06029874
   -0.07824599
    0.04003216
    0.06155997
    0.04188315
   -0.07535604
    0.07140991
    0.04042185
    0.03027389
    0.05487214
    0.02899380
    0.03677609
