           1           2   1.22034144175547     
           1           3   1.21988504059509     
           1           4   1.07759671357132     
           1           5   1.81542719487036     
           2           6  0.898978133728440     
           3           7  0.897625978079803     
           6           8  0.991549784859422     
           6           9  0.996474730721112     
           6          10  0.996083227271070     
           7          11  0.991911221256065     
           7          12  0.996885678956184     
           7          13  0.996151175068414     
           8          14  0.984744902584079     
           8          15  0.984590086902518     
           8          16  0.984075096818175     
           9          17  0.984220929836458     
           9          18  0.983097901180530     
           9          19  0.975522256606361     
          10          20  0.983065939501808     
          10          21  0.984036775671734     
          10          22  0.975625754494486     
          11          23  0.984595753402394     
          11          24  0.983923047110951     
          11          25  0.984582583906951     
          12          26  0.974635940347018     
          12          27  0.983626620634969     
          12          28  0.982007746186918     
          13          29  0.975908738649915     
          13          30  0.983119252353944     
          13          31  0.984016781202048     
           4          32  0.992224423048599     
           4          33  0.998335483120693     
          32          34  0.966869433656462     
          32          35   1.00746899521157     
          32          36  0.971388771391283     
          33          37  0.965153904416663     
          33          38  0.969738361444754     
          33          39   1.00540932706680     
          35          40  0.978164219430921     
          35          41  0.983948494790592     
          35          42  0.986168684201118     
          39          43  0.981972748327476     
          39          44  0.986066430355231     
          39          45  0.984662322420933     
