$coord
          1.493096184254          0.001763034186          0.000280025827     p 
          0.729541019771          2.936553706597         -1.078966121673     n 
          0.734657926344         -2.399450116772         -2.003532785026     n 
          0.732057921196         -0.530758537508          3.081812606233     n 
          4.274147082019          0.004760250469          0.000969432436     o 
         -1.694116333533         -0.435317117746          4.295966315522     c 
         -3.573216369124          0.805234421071          2.509225679123     c 
         -1.688789996191         -3.506510439999         -2.523916448526     c 
         -3.569014321968         -2.581834716216         -0.556060370206     c 
         -1.696824143199          3.936689304261         -1.772721622618     c 
         -3.572139054123          1.766204113155         -1.957190435016     c 
         -2.882638485070         -0.002760296427         -0.001081850720     n 
          2.632682726767         -1.632850073905          4.700609010296     c 
          2.638700600060         -3.255133036140         -3.761592500781     c 
          2.628379712877          4.891285466613         -0.934756613691     c 
         -1.548158466409          0.661563338908          6.053494601223     h 
         -2.323326788645         -2.349585781710          4.833878297794     h 
         -3.364859323509          2.850410307881          2.627055974590     h 
         -5.531388620705          0.308612436407          2.992282708255     h 
         -1.536993853818         -5.576550146543         -2.449231301058     h 
         -2.320794059253         -3.020411783001         -4.451054415868     h 
         -3.358543211777         -3.705789968375          1.156380920072     h 
         -5.527044978841         -2.755302240501         -1.227109027512     h 
         -1.549234430633          4.910327467775         -3.601342801843     h 
         -2.330607444281          5.359060349834         -0.385277656300     h 
         -3.358246705083          0.845804792708         -3.786703060899     h 
         -5.531773312217          2.429594811954         -1.772872173683     h 
          2.856150950818         -0.497628884129          6.415783737570     h 
          4.415054143294         -1.677048276035          3.689397631712     h 
          2.114781855328         -3.561158153319          5.255612501943     h 
          2.122654554544         -2.778707715067         -5.711060090715     h 
          2.863738266833         -5.307537792913         -3.628912082503     h 
          4.419425837195         -2.353998520269         -3.295089523310     h 
          4.412188335908          4.039047627443         -0.394262031970     h 
          2.111089820829          6.334237045447          0.459698092280     h 
          2.848051897959          5.811267998364         -2.774885193479     h 
$end
