    0.64188351
   -0.28378790
   -0.28619692
   -0.27962953
   -0.54865035
    0.00712225
   -0.01690836
    0.00971563
   -0.01912810
    0.00979214
   -0.01962164
   -0.14331745
   -0.01901511
   -0.02154323
   -0.02145830
    0.03634382
    0.04117303
    0.03540254
    0.03238422
    0.03587923
    0.03685131
    0.02998450
    0.04549141
    0.03557545
    0.03799905
    0.03052986
    0.05228645
    0.08200377
    0.05362245
    0.04155907
    0.09494113
    0.04513313
    0.04021074
    0.09534987
    0.04589782
    0.04212452
