           1           2   1.17029421175146     
           1           3   1.14716426691287     
           1           4   1.07222288318621     
           1           5   1.97487549492762     
           4           6  0.997342136066687     
           6           7  0.987815708251378     
           3           8   1.00286208311100     
           8           9  0.997835395094253     
           2          10   1.00385133031757     
          10          11  0.998536448038228     
           1          12  0.243529655686203     
           7          12  0.996660019375990     
           9          12   1.00116184372399     
          11          12  0.999406155822217     
           4          13  0.994455623035958     
           3          14  0.993957409576889     
           2          15  0.993424010318888     
           6          16  0.972806676942101     
           6          17  0.966434828262904     
           7          18  0.973695559276832     
           7          19  0.971718003763157     
           8          20  0.964263457999769     
           8          21  0.966562442510644     
           9          22  0.966413349067216     
           9          23  0.966252514913042     
          10          24  0.961750453424181     
          10          25  0.965806320109671     
          11          26  0.967459694595981     
          11          27  0.968912187254235     
          13          28  0.971638738242303     
          13          29  0.978563316309020     
          13          30  0.979585274060372     
          14          31  0.965006032784471     
          14          32  0.979030648607587     
          14          33  0.979366029208902     
          15          34  0.964901876795555     
          15          35  0.979142578515027     
          15          36  0.979492914761882     
