$coord
         -0.611328670472          0.183206183690         -1.266557311439     p 
         -2.305447928167          2.316344221972          0.426136914122     n 
         -1.980405175007         -2.535555460565         -0.365652659564     n 
          2.580639551102          0.318786403255          0.042514646793     c 
         -0.665523341082          0.439909715508         -4.026754752462     o 
         -1.087960616259          4.684164613007          1.084652859800     c 
         -4.880408227481          2.519289762187         -0.519645099640     c 
         -1.580270897884         -4.661514025565         -2.044244702994     c 
         -2.410768959346         -3.070349207749          2.283369449020     c 
          0.525832378927          4.255709585291          2.302379927475     h 
         -2.434008247633          5.800682310876          2.187975618794     h 
         -0.161230735047          6.212080342606         -1.180840548401     c 
         -5.079805632804          4.103342305752         -1.840274259706     h 
         -6.786096001744          2.799143850399          1.625270218339     c 
         -5.268071214171          0.779684058986         -1.568636659671     h 
         -1.555332564366         -3.889380910283         -3.957963463320     h 
         -3.187619405641         -5.952200367038         -1.889183609666     h 
          0.882083941022         -6.088514847558         -1.569868243583     c 
         -0.879825557697         -4.212349206956          3.093763976744     h 
         -4.932669057246         -4.407810744362          2.712762480005     c 
         -2.448169613902         -1.245379657282          3.244396242575     h 
          1.167421485383          5.083725353580         -2.271307209044     h 
          0.775202853388          7.928234475911         -0.546107681951     h 
         -1.725493811091          6.730145371137         -2.408166970931     h 
         -6.512475871507          4.570756223916          2.630171246588     h 
         -6.587416795461          1.255629989656          2.964601236077     h 
         -8.694561666161          2.776859114846          0.865165756934     h 
          0.895604444908         -6.964133954471          0.290340176560     h 
          2.473194049948         -4.790039788180         -1.699954257483     h 
          1.115568050487         -7.563359725435         -2.980519804838     h 
         -5.360163652346         -4.450712181019          4.722376902968     h 
         -4.877821519201         -6.343781605997          2.028775556984     h 
         -6.436864957500         -3.408891682345          1.733339268585     h 
          4.539151231669          0.423194255551         -1.698979351456     c 
          3.128465294975          0.139038656725          2.603266172473     c 
          5.617314159720          0.094526855897          3.402535605555     c 
          7.566721099089          0.216861970788          1.657898389096     c 
          7.026951382794          0.381326075879         -0.897913598177     c 
          4.067366996080          0.543752847203         -3.682081303909     h 
          1.616508712222          0.048695083572          3.969955020554     h 
          6.040348715665         -0.038540379834          5.395894046354     h 
          9.506060264192          0.181408149700          2.293937247228     h 
          8.542856908666          0.474021155784         -2.261881779274     h 
$end
