   142
        189          1        189
        180        190        369
        117        370        486
         95        487        581
        121        582        702
         63        703        765
         72        766        837
         65        838        902
         22        903        924
         60        925        984
          3        985        987
          2        988        989
          2        990        991
         52        992       1043
         25       1044       1068
         23       1069       1091
         78       1092       1169
         77       1170       1246
         45       1247       1291
          1       1292       1292
         30       1293       1322
         36       1323       1358
          8       1359       1366
          2       1367       1368
         38       1369       1406
         50       1407       1456
          3       1457       1459
          4       1460       1463
         15       1464       1478
          4       1479       1482
          8       1483       1490
         15       1491       1505
         36       1506       1541
         22       1542       1563
        103       1564       1666
         33       1667       1699
         63       1700       1762
          5       1763       1767
         22       1768       1789
          4       1790       1793
          2       1794       1795
         31       1796       1826
         22       1827       1848
          9       1849       1857
         51       1858       1908
         38       1909       1946
          2       1947       1948
         66       1949       2014
          3       2015       2017
         21       2018       2038
          4       2039       2042
          1       2043       2043
         37       2044       2080
          1       2081       2081
          4       2082       2085
         15       2086       2100
          1       2101       2101
          1       2102       2102
         21       2103       2123
         55       2124       2178
          4       2179       2182
         37       2183       2219
         16       2220       2235
         45       2236       2280
          8       2281       2288
          2       2289       2290
          1       2291       2291
          7       2292       2298
         20       2299       2318
          2       2319       2320
         29       2321       2349
         11       2350       2360
          3       2361       2363
         16       2364       2379
          1       2380       2380
         12       2381       2392
          2       2393       2394
          5       2395       2399
          1       2400       2400
          2       2401       2402
         15       2403       2417
          2       2418       2419
         27       2420       2446
         14       2447       2460
          9       2461       2469
          2       2470       2471
          8       2472       2479
          9       2480       2488
          1       2489       2489
         21       2490       2510
          1       2511       2511
          1       2512       2512
          1       2513       2513
          1       2514       2514
          1       2515       2515
          2       2516       2517
         11       2518       2528
          6       2529       2534
         10       2535       2544
          2       2545       2546
          2       2547       2548
          1       2549       2549
          1       2550       2550
          1       2551       2551
          7       2552       2558
         10       2559       2568
          2       2569       2570
          4       2571       2574
          1       2575       2575
          4       2576       2579
          1       2580       2580
          3       2581       2583
          1       2584       2584
          2       2585       2586
          2       2587       2588
          4       2589       2592
          1       2593       2593
          1       2594       2594
          1       2595       2595
          1       2596       2596
          8       2597       2604
          4       2605       2608
          3       2609       2611
          1       2612       2612
          2       2613       2614
          2       2615       2616
          3       2617       2619
          1       2620       2620
          5       2621       2625
          2       2626       2627
          1       2628       2628
          2       2629       2630
          2       2631       2632
          1       2633       2633
          2       2634       2635
          1       2636       2636
          2       2637       2638
          3       2639       2641
          1       2642       2642
          2       2643       2644
          2       2645       2646
          1       2647       2647
