    0.53404715
   -0.29417157
   -0.29251999
   -0.04863226
   -0.53111888
    0.00925904
    0.00505134
    0.00574627
    0.00681537
    0.06608838
    0.03540853
   -0.07327124
    0.04136947
   -0.07167784
    0.03484381
    0.04648316
    0.04629418
   -0.07245986
    0.05730713
   -0.07230568
    0.04836371
    0.06701566
    0.03562348
    0.03989658
    0.03983246
    0.03690848
    0.02876721
    0.04029495
    0.03232108
    0.03793496
    0.04071762
    0.03664657
    0.03002155
   -0.03451717
   -0.03249104
   -0.03473626
   -0.03634654
   -0.03564183
    0.03725163
    0.07352514
    0.04109615
    0.03861848
    0.03634064
