           1           2   1.18838061628057     
           1           3   1.08170802898265     
           1           4  0.926975983996114     
           1           5   2.03250615275478     
           2           6  0.977450556489145     
           2           7  0.988131372494998     
           3           8  0.984010010450725     
           3           9  0.980850065072512     
           6          10  0.963023085438058     
           6          11  0.972358072920235     
           6          12   1.01167759831414     
           7          13  0.958036664954878     
           7          14   1.01093784512282     
           7          15  0.969246214068370     
           8          16  0.951666316796458     
           8          17  0.967456286489901     
           8          18   1.01091564562984     
           9          19  0.949854637865808     
           9          20   1.01098029866381     
           9          21  0.967070819488724     
          12          22  0.983566591904720     
          12          23  0.985009859439065     
          12          24  0.985058894742342     
          14          25  0.984827110249829     
          14          26  0.984819439008668     
          14          27  0.984938648637470     
          18          28  0.983972410268889     
          18          29  0.985449932954908     
          18          30  0.982020896322395     
          20          31  0.985328227585446     
          20          32  0.983146991946194     
          20          33  0.985367478629025     
           4          34   1.39129982187049     
           4          35   1.39525974671392     
          34          36  0.110479791222630     
          35          36   1.44298001977955     
           4          37  0.105132707621877     
          36          37   1.43973853695159     
          34          38   1.44997738293002     
          35          38  0.108916455308690     
          37          38   1.43286767100430     
          34          39  0.959600519201411     
          35          40  0.957365809447692     
          36          41  0.969778708796143     
          37          42  0.971089969350158     
          38          43  0.970224951848267     
